data(T, E_avg(experimental), E_avg(expected), M_avg, M_sq)

——————————————————————————————————————————————————

N = 2

    0.5000   -1.9976   -1.9987    1.5601    2.4339
    0.6000   -1.9944   -1.9949    1.0584    1.1202
    0.7000   -1.9904   -1.9868    0.6723    0.4520
    0.8000   -1.9744   -1.9732    1.0148    1.0298
    0.9000   -1.9576   -1.9536    0.9448    0.8926
    1.0000   -1.9128   -1.9281    0.9896    0.9793
    1.1000   -1.8952   -1.8973    0.9640    0.9293
    1.2000   -1.8784   -1.8622    1.0620    1.1279
    1.3000   -1.8136   -1.8237    0.9912    0.9825
    1.4000   -1.7912   -1.7827    0.9784    0.9573
    1.5000   -1.6895   -1.7401    0.9348    0.8738
    1.6000   -1.6887   -1.6966    0.9840    0.9682
    1.7000   -1.6487   -1.6527    1.0056    1.0112
    1.8000   -1.5927   -1.6089    1.0792    1.1647
    1.9000   -1.5231   -1.5657    1.0380    1.0775
    2.0000   -1.5015   -1.5232    0.9640    0.9293
    2.1000   -1.4751   -1.4817    1.0340    1.0692
    2.2000   -1.4583   -1.4414    1.0024    1.0048
    2.3000   -1.3591   -1.4023    0.9920    0.9841
    2.4000   -1.3599   -1.3645    0.9764    0.9533
    2.5000   -1.3151   -1.3281    0.9972    0.9944
    2.6000   -1.3095   -1.2930    1.0216    1.0437
    2.7000   -1.2462   -1.2592    0.9820    0.9643
    2.8000   -1.2006   -1.2267    0.9832    0.9667
    2.9000   -1.2102   -1.1955    1.0072    1.0145
    3.0000   -1.1238   -1.1656    0.9928    0.9856
    3.1000   -1.1550   -1.1368    1.0100    1.0201
    3.2000   -1.1118   -1.1092    1.0308    1.0626
    3.3000   -1.0590   -1.0827    0.9692    0.9393
    3.4000   -1.0478   -1.0573    0.9844    0.9690
    3.5000   -1.0550   -1.0328    1.0256    1.0519
    3.6000   -1.0238   -1.0093    0.9972    0.9944
    3.7000   -0.9766   -0.9868    0.9856    0.9714
    3.8000   -0.9310   -0.9651    0.9732    0.9471
    3.9000   -0.9790   -0.9443    1.0020    1.0040
    4.0000   -0.8870   -0.9242    1.0064    1.0128
    4.1000   -0.8846   -0.9049    0.9988    0.9976
    4.2000   -0.9094   -0.8864    0.9592    0.9200
    4.3000   -0.8406   -0.8685    1.0168    1.0339
    4.4000   -0.8974   -0.8513    1.0068    1.0136
    4.5000   -0.8038   -0.8346    1.0296    1.0601
    4.6000   -0.8254   -0.8186    0.9852    0.9706
    4.7000   -0.7902   -0.8032    0.9716    0.9440
    4.8000   -0.7934   -0.7882    1.0076    1.0153
    4.9000   -0.7606   -0.7738    1.0328    1.0667
    5.0000   -0.7662   -0.7599    1.0140    1.0282
    5.1000   -0.7205   -0.7464    1.0064    1.0128
    5.2000   -0.7622   -0.7334    0.9816    0.9635
    5.3000   -0.7397   -0.7208    0.9608    0.9231
    5.4000   -0.6837   -0.7086    0.9616    0.9247
    5.5000   -0.6669   -0.6968    1.0044    1.0088
    5.6000   -0.7109   -0.6854    1.0280    1.0568
    5.7000   -0.7061   -0.6743    1.0128    1.0258
    5.8000   -0.6629   -0.6636    1.0208    1.0420
    5.9000   -0.6565   -0.6531    1.0352    1.0717
    6.0000   -0.6277   -0.6430    1.0072    1.0145
    6.1000   -0.6365   -0.6332    1.0284    1.0576
    6.2000   -0.6757   -0.6237    0.9760    0.9526
    6.3000   -0.5837   -0.6144    1.0100    1.0201
    6.4000   -0.5805   -0.6054    1.0164    1.0331
    6.5000   -0.6181   -0.5967    1.0032    1.0064
    6.6000   -0.5429   -0.5882    1.0248    1.0502
    6.7000   -0.5605   -0.5799    0.9672    0.9355
    6.8000   -0.5885   -0.5718    1.0300    1.0609
    6.9000   -0.5397   -0.5640    0.9624    0.9262
    7.0000   -0.5461   -0.5564    0.9736    0.9479
    7.1000   -0.5309   -0.5489    1.0060    1.0120
    7.2000   -0.5765   -0.5417    0.9904    0.9809
    7.3000   -0.6069   -0.5346    1.0552    1.1135
    7.4000   -0.5333   -0.5278    1.0680    1.1407
    7.5000   -0.5213   -0.5210    0.9892    0.9785
    7.6000   -0.4877   -0.5145    0.9516    0.9055
    7.7000   -0.5493   -0.5081    0.9984    0.9968
    7.8000   -0.5317   -0.5019    0.9992    0.9984
    7.9000   -0.5045   -0.4958    1.0040    1.0080
    8.0000   -0.4565   -0.4898    1.0168    1.0339
    8.1000   -0.4853   -0.4840    1.0248    1.0502
    8.2000   -0.4717   -0.4784    1.0028    1.0056
    8.3000   -0.4757   -0.4728    1.0056    1.0112
    8.4000   -0.4565   -0.4674    0.9912    0.9825
    8.5000   -0.4941   -0.4621    1.0068    1.0136
    8.6000   -0.4525   -0.4569    0.9492    0.9010
    8.7000   -0.4661   -0.4518    0.9848    0.9698
    8.8000   -0.4861   -0.4469    0.9876    0.9753
    8.9000   -0.4285   -0.4420    1.0036    1.0072
    9.0000   -0.4541   -0.4373    1.0380    1.0775
    9.1000   -0.4533   -0.4326    1.0184    1.0371
    9.2000   -0.4309   -0.4281    0.9768    0.9541
    9.3000   -0.4429   -0.4236    1.0124    1.0250
    9.4000   -0.3957   -0.4192    0.9816    0.9635
    9.5000   -0.3949   -0.4149    1.0388    1.0791
    9.6000   -0.3877   -0.4107    0.9904    0.9809
    9.7000   -0.4197   -0.4066    1.0136    1.0274
    9.8000   -0.4293   -0.4026    1.0056    1.0112
    9.9000   -0.4165   -0.3986    1.0240    1.0486
   10.0000   -0.3677   -0.3948    0.9716    0.9440

——————————————————————————————————————————————————

N = 3

    0.5000   -2.9964   -2.9960    1.2760    1.6282
    0.6000   -2.9868   -2.9848    0.2253    0.0508
    0.7000   -2.9616   -2.9608    0.1245    0.0155
    0.8000   -2.9112   -2.9207    0.5068    0.2568
    0.9000   -2.8644   -2.8639   -0.0999    0.0100
    1.0000   -2.7864   -2.7917    0.0165    0.0003
    1.1000   -2.6916   -2.7070   -0.0615    0.0038
    1.2000   -2.6100   -2.6133    0.0483    0.0023
    1.3000   -2.5260   -2.5140   -0.0645    0.0042
    1.4000   -2.3855   -2.4121    0.0549    0.0030
    1.5000   -2.2895   -2.3100   -0.1029    0.0106
    1.6000   -2.1731   -2.2096    0.0399    0.0016
    1.7000   -2.1119   -2.1122   -0.0765    0.0059
    1.8000   -2.0039   -2.0186    0.0063    0.0000
    1.9000   -1.9427   -1.9295    0.0147    0.0002
    2.0000   -1.8239   -1.8449    0.0009    0.0000
    2.1000   -1.7507   -1.7652    0.0435    0.0019
    2.2000   -1.7063   -1.6900   -0.0027    0.0000
    2.3000   -1.5743   -1.6195    0.0291    0.0008
    2.4000   -1.5311   -1.5533   -0.0735    0.0054
    2.5000   -1.4302   -1.4911   -0.0303    0.0009
    2.6000   -1.3570   -1.4329    0.0273    0.0007
    2.7000   -1.3618   -1.3783    0.0531    0.0028
    2.8000   -1.3210   -1.3270   -0.0093    0.0001
    2.9000   -1.2634   -1.2789    0.0015    0.0000
    3.0000   -1.2634   -1.2336    0.0249    0.0006
    3.1000   -1.1722   -1.1911   -0.0243    0.0006
    3.2000   -1.1206   -1.1511   -0.0015    0.0000
    3.3000   -1.1290   -1.1134   -0.0033    0.0000
    3.4000   -1.0786   -1.0778   -0.0021    0.0000
    3.5000   -1.0906   -1.0442   -0.0297    0.0009
    3.6000   -0.9850   -1.0125   -0.0567    0.0032
    3.7000   -1.0522   -0.9825    0.0051    0.0000
    3.8000   -1.0030   -0.9540    0.0501    0.0025
    3.9000   -0.9490   -0.9271    0.0129    0.0002
    4.0000   -0.9274   -0.9015    0.0345    0.0012
    4.1000   -0.8086   -0.8772    0.0081    0.0001
    4.2000   -0.8470   -0.8540   -0.0237    0.0006
    4.3000   -0.9190   -0.8320   -0.0117    0.0001
    4.4000   -0.8062   -0.8110   -0.0633    0.0040
    4.5000   -0.8134   -0.7910   -0.0051    0.0000
    4.6000   -0.7774   -0.7719    0.0075    0.0001
    4.7000   -0.7354   -0.7537   -0.0309    0.0010
    4.8000   -0.7306   -0.7363   -0.0069    0.0000
    4.9000   -0.7090   -0.7196   -0.0321    0.0010
    5.0000   -0.6826   -0.7036    0.0255    0.0007
    5.1000   -0.7570   -0.6883    0.0513    0.0026
    5.2000   -0.7006   -0.6736   -0.0243    0.0006
    5.3000   -0.6238   -0.6595    0.0015    0.0000
    5.4000   -0.6706   -0.6459    0.0189    0.0004
    5.5000   -0.6154   -0.6329    0.0489    0.0024
    5.6000   -0.6286   -0.6203    0.0141    0.0002
    5.7000   -0.5794   -0.6083    0.0477    0.0023
    5.8000   -0.5878   -0.5966    0.0411    0.0017
    5.9000   -0.5842   -0.5854   -0.0069    0.0000
    6.0000   -0.5482   -0.5746   -0.0009    0.0000
    6.1000   -0.5662   -0.5642    0.0051    0.0000
    6.2000   -0.4749   -0.5542    0.0303    0.0009
    6.3000   -0.5674   -0.5444   -0.0165    0.0003
    6.4000   -0.5182   -0.5350    0.0201    0.0004
    6.5000   -0.4953   -0.5260    0.0075    0.0001
    6.6000   -0.4857   -0.5172    0.0117    0.0001
    6.7000   -0.5206   -0.5087   -0.0147    0.0002
    6.8000   -0.4677   -0.5004    0.1281    0.0164
    6.9000   -0.5158   -0.4924    0.0531    0.0028
    7.0000   -0.4473   -0.4847    0.0219    0.0005
    7.1000   -0.5170   -0.4772    0.0159    0.0003
    7.2000   -0.4617   -0.4699    0.0363    0.0013
    7.3000   -0.4473   -0.4628   -0.0063    0.0000
    7.4000   -0.4905   -0.4560    0.0327    0.0011
    7.5000   -0.4677   -0.4493    0.0099    0.0001
    7.6000   -0.4641   -0.4428   -0.0117    0.0001
    7.7000   -0.4617   -0.4365    0.0483    0.0023
    7.8000   -0.4389   -0.4304    0.0027    0.0000
    7.9000   -0.3957   -0.4244    0.0231    0.0005
    8.0000   -0.3921   -0.4186   -0.0225    0.0005
    8.1000   -0.3765   -0.4130   -0.0279    0.0008
    8.2000   -0.3909   -0.4075    0.0099    0.0001
    8.3000   -0.3993   -0.4021   -0.0279    0.0008
    8.4000   -0.4005   -0.3969    0.0237    0.0006
    8.5000   -0.3645   -0.3918    0.0087    0.0001
    8.6000   -0.4269   -0.3869    0.0069    0.0000
    8.7000   -0.3237   -0.3820    0.0333    0.0011
    8.8000   -0.3609   -0.3773    0.0321    0.0010
    8.9000   -0.3969   -0.3727   -0.0081    0.0001
    9.0000   -0.3021   -0.3682   -0.0189    0.0004
    9.1000   -0.3321   -0.3638   -0.0387    0.0015
    9.2000   -0.3669   -0.3595   -0.0135    0.0002
    9.3000   -0.3285   -0.3553   -0.0177    0.0003
    9.4000   -0.3201   -0.3512    0.0171    0.0003
    9.5000   -0.3765   -0.3472    0.0225    0.0005
    9.6000   -0.3393   -0.3433    0.0603    0.0036
    9.7000   -0.3357   -0.3395   -0.0135    0.0002
    9.8000   -0.3585   -0.3357   -0.0213    0.0005
    9.9000   -0.3417   -0.3321    0.0447    0.0020
   10.0000   -0.2937   -0.3285    0.0075    0.0001

——————————————————————————————————————————————————

N = 5

    0.5000   -4.9860   -4.9866   -0.3667    0.1345
    0.6000   -4.9460   -4.9497    0.6858    0.4704
    0.7000   -4.8539   -4.8719   -0.5028    0.2528
    0.8000   -4.7379   -4.7458    0.0445    0.0020
    0.9000   -4.5458   -4.5749   -0.1006    0.0101
    1.0000   -4.3677   -4.3703    0.1236    0.0153
    1.1000   -4.1876   -4.1462   -0.0945    0.0089
    1.2000   -3.9275   -3.9158    0.1886    0.0356
    1.3000   -3.6333   -3.6892    0.0945    0.0089
    1.4000   -3.4352   -3.4730   -0.0345    0.0012
    1.5000   -3.2751   -3.2708    0.0105    0.0001
    1.6000   -3.0510   -3.0842    0.0915    0.0084
    1.7000   -2.8849   -2.9133    0.0805    0.0065
    1.8000   -2.7849   -2.7574    0.1016    0.0103
    1.9000   -2.6248   -2.6155   -0.0715    0.0051
    2.0000   -2.4507   -2.4862   -0.0315    0.0010
    2.1000   -2.3247   -2.3683   -0.0825    0.0068
    2.2000   -2.1546   -2.2607   -0.0255    0.0007
    2.3000   -2.2046   -2.1621   -0.0925    0.0086
    2.4000   -2.0805   -2.0715   -0.0335    0.0011
    2.5000   -2.0745   -1.9882   -0.0255    0.0007
    2.6000   -1.9205   -1.9113   -0.0255    0.0007
    2.7000   -1.8604   -1.8401    0.0095    0.0001
    2.8000   -1.7544   -1.7741   -0.0135    0.0002
    2.9000   -1.6203   -1.7126   -0.0585    0.0034
    3.0000   -1.6283   -1.6553   -0.0335    0.0011
    3.1000   -1.6063   -1.6018   -0.0645    0.0042
    3.2000   -1.4782   -1.5516    0.0225    0.0005
    3.3000   -1.5043   -1.5045    0.1616    0.0261
    3.4000   -1.3802   -1.4602    0.0785    0.0062
    3.5000   -1.4102   -1.4185   -0.0965    0.0093
    3.6000   -1.3822   -1.3791   -0.0055    0.0000
    3.7000   -1.3862   -1.3419   -0.0255    0.0007
    3.8000   -1.2801   -1.3067    0.0005    0.0000
    3.9000   -1.3562   -1.2732    0.0335    0.0011
    4.0000   -1.2181   -1.2415   -0.0105    0.0001
    4.1000   -1.1841   -1.2113    0.0675    0.0046
    4.2000   -1.1341   -1.1826    0.0445    0.0020
    4.3000   -1.1001   -1.1552   -0.0495    0.0025
    4.4000   -1.0840   -1.1290   -0.0085    0.0001
    4.5000   -1.0960   -1.1040    0.0235    0.0006
    4.6000   -1.0640   -1.0802    0.0225    0.0005
    4.7000   -1.0300   -1.0573   -0.0315    0.0010
    4.8000   -1.0220   -1.0354   -0.0165    0.0003
    4.9000   -1.0720   -1.0143   -0.0525    0.0028
    5.0000   -1.0260   -0.9942   -0.0155    0.0002
    5.1000   -1.0400   -0.9748    0.0695    0.0048
    5.2000   -0.8919   -0.9561    0.0865    0.0075
    5.3000   -0.9340   -0.9382   -0.0025    0.0000
    5.4000   -0.9700   -0.9209    0.0365    0.0013
    5.5000   -0.9240   -0.9043    0.0045    0.0000
    5.6000   -0.9460   -0.8882    0.0085    0.0001
    5.7000   -0.8099   -0.8727   -0.0465    0.0022
    5.8000   -0.8179   -0.8578   -0.0695    0.0048
    5.9000   -0.8579   -0.8433    0.0205    0.0004
    6.0000   -0.8659   -0.8293   -0.0455    0.0021
    6.1000   -0.8439   -0.8158    0.0555    0.0031
    6.2000   -0.8679   -0.8027   -0.0525    0.0028
    6.3000   -0.8219   -0.7900    0.0285    0.0008
    6.4000   -0.6618   -0.7778   -0.0505    0.0026
    6.5000   -0.6978   -0.7659   -0.1036    0.0107
    6.6000   -0.8539   -0.7543    0.0835    0.0070
    6.7000   -0.7919   -0.7431   -0.0075    0.0001
    6.8000   -0.7299   -0.7323   -0.0105    0.0001
    6.9000   -0.6758   -0.7217   -0.0325    0.0011
    7.0000   -0.7759   -0.7115   -0.0045    0.0000
    7.1000   -0.6658   -0.7015    0.0405    0.0016
    7.2000   -0.7799   -0.6918   -0.0655    0.0043
    7.3000   -0.6918   -0.6824    0.0295    0.0009
    7.4000   -0.6178   -0.6732    0.0035    0.0000
    7.5000   -0.6498   -0.6643   -0.1076    0.0116
    7.6000   -0.6658   -0.6556    0.0255    0.0007
    7.7000   -0.6858   -0.6471    0.0155    0.0002
    7.8000   -0.5438   -0.6388   -0.0595    0.0035
    7.9000   -0.5958   -0.6308    0.0245    0.0006
    8.0000   -0.7159   -0.6229   -0.0175    0.0003
    8.1000   -0.6218   -0.6153    0.0275    0.0008
    8.2000   -0.5278   -0.6078    0.0335    0.0011
    8.3000   -0.5738   -0.6005    0.1706    0.0291
    8.4000   -0.5198   -0.5934   -0.0555    0.0031
    8.5000   -0.5018   -0.5865   -0.0615    0.0038
    8.6000   -0.5018   -0.5797   -0.0565    0.0032
    8.7000   -0.5298   -0.5730   -0.0225    0.0005
    8.8000   -0.4757   -0.5666   -0.0125    0.0002
    8.9000   -0.6358   -0.5602    0.0695    0.0048
    9.0000   -0.5838   -0.5540   -0.0185    0.0003
    9.1000   -0.5198   -0.5480   -0.0035    0.0000
    9.2000   -0.6538   -0.5420   -0.0135    0.0002
    9.3000   -0.5138   -0.5362    0.0105    0.0001
    9.4000   -0.5718   -0.5305    0.0185    0.0003
    9.5000   -0.4857   -0.5250   -0.0955    0.0091
    9.6000   -0.5238   -0.5195    0.0055    0.0000
    9.7000   -0.4557   -0.5142    0.0165    0.0003
    9.8000   -0.5198   -0.5090   -0.0755    0.0057
    9.9000   -0.6798   -0.5038   -0.0585    0.0034
   10.0000   -0.3697   -0.4988    0.0075    0.0001

——————————————————————————————————————————————————

N = 100

   1.0e+03 *

    0.0005   -0.0968   -0.0966    0.0414    1.7108
    0.0006   -0.0929   -0.0931    0.0229    0.5256
    0.0007   -0.0888   -0.0891    0.0015    0.0023
    0.0008   -0.0847   -0.0848    0.0052    0.0273
    0.0009   -0.0805   -0.0804    0.0003    0.0001
    0.0010   -0.0762   -0.0762   -0.0008    0.0006
    0.0011   -0.0724   -0.0721    0.0006    0.0004
    0.0012   -0.0681   -0.0682   -0.0002    0.0000
    0.0013   -0.0650   -0.0646    0.0015    0.0023
    0.0014   -0.0609   -0.0613   -0.0011    0.0012
    0.0015   -0.0581   -0.0583   -0.0001    0.0000
    0.0016   -0.0553   -0.0555    0.0000    0.0000
    0.0017   -0.0529   -0.0529   -0.0008    0.0007
    0.0018   -0.0502   -0.0505   -0.0004    0.0002
    0.0019   -0.0483   -0.0483    0.0011    0.0013
    0.0020   -0.0461   -0.0462    0.0008    0.0007
    0.0021   -0.0443   -0.0443    0.0003    0.0001
    0.0022   -0.0424   -0.0426   -0.0006    0.0004
    0.0023   -0.0411   -0.0409    0.0005    0.0002
    0.0024   -0.0394   -0.0394   -0.0007    0.0005
    0.0025   -0.0382   -0.0380   -0.0002    0.0000
    0.0026   -0.0368   -0.0367   -0.0000    0.0000
    0.0027   -0.0353   -0.0354    0.0003    0.0001
    0.0028   -0.0347   -0.0343   -0.0006    0.0003
    0.0029   -0.0335   -0.0332    0.0006    0.0004
    0.0030   -0.0325   -0.0322    0.0006    0.0003
    0.0031   -0.0312   -0.0312    0.0002    0.0000
    0.0032   -0.0300   -0.0303    0.0004    0.0002
    0.0033   -0.0291   -0.0294    0.0003    0.0001
    0.0034   -0.0286   -0.0286   -0.0000    0.0000
    0.0035   -0.0280   -0.0278   -0.0000    0.0000
    0.0036   -0.0273   -0.0271   -0.0001    0.0000
    0.0037   -0.0263   -0.0264   -0.0006    0.0003
    0.0038   -0.0260   -0.0257   -0.0002    0.0001
    0.0039   -0.0251   -0.0251   -0.0004    0.0001
    0.0040   -0.0245   -0.0245    0.0004    0.0002
    0.0041   -0.0235   -0.0239    0.0001    0.0000
    0.0042   -0.0234   -0.0234    0.0003    0.0001
    0.0043   -0.0227   -0.0228   -0.0003    0.0001
    0.0044   -0.0220   -0.0223   -0.0001    0.0000
    0.0045   -0.0222   -0.0219   -0.0001    0.0000
    0.0046   -0.0217   -0.0214    0.0003    0.0001
    0.0047   -0.0213   -0.0210   -0.0001    0.0000
    0.0048   -0.0210   -0.0205   -0.0001    0.0000
    0.0049   -0.0197   -0.0201   -0.0004    0.0002
    0.0050   -0.0199   -0.0197    0.0002    0.0000
    0.0051   -0.0195   -0.0194    0.0003    0.0001
    0.0052   -0.0188   -0.0190   -0.0006    0.0004
    0.0053   -0.0184   -0.0186   -0.0001    0.0000
    0.0054   -0.0181   -0.0183    0.0007    0.0005
    0.0055   -0.0178   -0.0180    0.0003    0.0001
    0.0056   -0.0174   -0.0177   -0.0005    0.0002
    0.0057   -0.0172   -0.0174   -0.0002    0.0000
    0.0058   -0.0169   -0.0171    0.0002    0.0000
    0.0059   -0.0167   -0.0168   -0.0001    0.0000
    0.0060   -0.0163   -0.0165   -0.0003    0.0001
    0.0061   -0.0167   -0.0162    0.0006    0.0004
    0.0062   -0.0159   -0.0160    0.0001    0.0000
    0.0063   -0.0161   -0.0157    0.0001    0.0000
    0.0064   -0.0151   -0.0155   -0.0002    0.0000
    0.0065   -0.0150   -0.0153   -0.0002    0.0001
    0.0066   -0.0155   -0.0150    0.0009    0.0007
    0.0067   -0.0148   -0.0148   -0.0001    0.0000
    0.0068   -0.0141   -0.0146    0.0005    0.0002
    0.0069   -0.0144   -0.0144   -0.0001    0.0000
    0.0070   -0.0148   -0.0142    0.0003    0.0001
    0.0071   -0.0142   -0.0140   -0.0007    0.0005
    0.0072   -0.0137   -0.0138   -0.0003    0.0001
    0.0073   -0.0142   -0.0136    0.0004    0.0002
    0.0074   -0.0136   -0.0134    0.0001    0.0000
    0.0075   -0.0130   -0.0133   -0.0004    0.0002
    0.0076   -0.0127   -0.0131    0.0003    0.0001
    0.0077   -0.0129   -0.0129   -0.0003    0.0001
    0.0078   -0.0125   -0.0128   -0.0004    0.0001
    0.0079   -0.0127   -0.0126    0.0003    0.0001
    0.0080   -0.0132   -0.0124    0.0002    0.0000
    0.0081   -0.0121   -0.0123   -0.0003    0.0001
    0.0082   -0.0120   -0.0121   -0.0001    0.0000
    0.0083   -0.0121   -0.0120    0.0001    0.0000
    0.0084   -0.0113   -0.0118    0.0003    0.0001
    0.0085   -0.0120   -0.0117   -0.0004    0.0002
    0.0086   -0.0115   -0.0116   -0.0003    0.0001
    0.0087   -0.0108   -0.0114    0.0002    0.0000
    0.0088   -0.0115   -0.0113    0.0002    0.0000
    0.0089   -0.0109   -0.0112   -0.0001    0.0000
    0.0090   -0.0106   -0.0111    0.0002    0.0000
    0.0091   -0.0103   -0.0109    0.0001    0.0000
    0.0092   -0.0103   -0.0108   -0.0008    0.0006
    0.0093   -0.0104   -0.0107   -0.0004    0.0001
    0.0094   -0.0106   -0.0106   -0.0001    0.0000
    0.0095   -0.0107   -0.0105   -0.0001    0.0000
    0.0096   -0.0107   -0.0104   -0.0001    0.0000
    0.0097   -0.0105   -0.0103    0.0000    0.0000
    0.0098   -0.0103   -0.0102    0.0004    0.0002
    0.0099   -0.0098   -0.0101   -0.0005    0.0003
    0.0100   -0.0098   -0.0100   -0.0001    0.0000